,place,pop1980,pop2000,pop2010,pop2022,pop2023,pop2026,pop2030,pop2050,country,area,landAreaKm,cca2,cca3,netChange,growthRate,worldPercentage,density,densityMi,rank
0,356,696828385.0,1059633675.0,1240613620.0,1417173173.0,1428627663.0,1463343315.2109,1514994080.0,1670490596.0,India,3287590.0,2973190.0,IN,IND,0.4184,0.0081,0.1785,480.5033,1244.5036,1
1,156,982372466.0,1264099069.0,1348191368.0,1425887337.0,1425671352.0,1424815949.1888,1415605906.0,1312636325.0,China,9706961.0,9424702.9,CN,CHN,-0.0113,-0.0002,0.1781,151.2696,391.7884,2
2,840,223140018.0,282398554.0,311182845.0,338289857.0,339996563.0,345096511.445,352162301.0,375391963.0,United States,9372610.0,9147420.0,US,USA,0.0581,0.005,0.0425,37.1686,96.2666,3
3,360,148177096.0,214072421.0,244016173.0,275501339.0,277534122.0,283695379.5084,292150100.0,317225213.0,Indonesia,1904569.0,1877519.0,ID,IDN,0.0727,0.0074,0.0347,147.8196,382.8528,4
4,586,80624057.0,154369924.0,194454498.0,235824862.0,240485658.0,254770506.0852,274029836.0,367808468.0,Pakistan,881912.0,770880.0,PK,PAK,0.1495,0.0198,0.03,311.9625,807.9829,5
5,566,72951439.0,122851984.0,160952853.0,218541212.0,223804632.0,239985706.8936,262580426.0,377459883.0,Nigeria,923768.0,910770.0,NG,NGA,0.168,0.0241,0.028,245.7312,636.4439,6
6,76,122288383.0,175873720.0,196353492.0,215313498.0,216422446.0,219798636.1576,223908968.0,230885725.0,Brazil,8515767.0,8358140.0,BR,BRA,0.0393,0.0052,0.027,25.8936,67.0645,7
7,50,83929765.0,129193327.0,148391139.0,171186372.0,172954319.0,178298607.4571,184424144.0,203904900.0,Bangladesh,147570.0,130170.0,BD,BGD,0.0557,0.0103,0.0216,1328.6803,3441.2821,8
8,643,138257420.0,146844839.0,143242599.0,144713314.0,144444359.0,143621026.1537,141432741.0,133133035.0,Russia,17098242.0,16376870.0,RU,RUS,-0.0158,-0.0019,0.018,8.82,22.8439,9
9,484,67705186.0,97873442.0,112532401.0,127504125.0,128455567.0,131345817.2575,134534107.0,143772364.0,Mexico,1964375.0,1943950.0,MX,MEX,0.0299,0.0075,0.016,66.0797,171.1463,10
10,231,34945469.0,67031867.0,89237791.0,123379924.0,126527060.0,136206380.09,149296378.0,214812309.0,Ethiopia,1104300.0,1128571.3,ET,ETH,0.1008,0.0255,0.0158,112.1126,290.3716,11
11,392,117624196.0,126803861.0,128105431.0,123951692.0,123294513.0,121334130.2433,118514802.0,103784357.0,Japan,377930.0,364500.0,JP,JPN,-0.0209,-0.0053,0.0154,338.2566,876.0845,12
12,608,48419546.0,77958223.0,94636700.0,115559009.0,117337368.0,122758354.4016,129453321.0,157891622.0,Philippines,342353.0,298170.0,PH,PHL,0.0561,0.0154,0.0147,393.5251,1019.2299,13
13,818,43748556.0,71371371.0,87252413.0,110990103.0,112716598.0,117991734.7864,125151725.0,160339889.0,Egypt,1002450.0,995450.0,EG,EGY,0.0551,0.0156,0.0141,113.2318,293.2704,14
14,180,26708686.0,48616317.0,66391257.0,99010212.0,102262808.0,112356147.1496,127582053.0,217494003.0,DR Congo,2344858.0,2267050.0,CD,COD,0.105,0.0329,0.0128,45.1083,116.8305,15
15,704,52968270.0,79001142.0,87411012.0,98186856.0,98858950.0,100875672.58,102699905.0,107012939.0,Vietnam,331212.0,313429.0,VN,VNM,0.0208,0.0068,0.0123,315.411,816.9145,16
16,364,38520664.0,65544383.0,75373855.0,88550570.0,89172767.0,91045395.107,92921017.0,99007204.0,Iran,1648195.0,1622500.0,IR,IRN,0.0208,0.007,0.0111,54.9601,142.3467,17
17,792,44089069.0,64113547.0,73195345.0,85341241.0,85816199.0,87257911.1432,88879698.0,95829258.0,Turkey,783562.0,783562.0,TR,TUR,0.0143,0.0056,0.0107,109.5206,283.6584,18
18,276,77786703.0,81551677.0,81325090.0,83369843.0,83294633.0,83069737.4909,82762675.0,78932228.0,Germany,357114.0,349390.0,DE,DEU,-0.0012,-0.0009,0.0104,238.4002,617.4564,19
19,764,45737753.0,63066603.0,68270489.0,71697030.0,71801279.0,72124384.7555,72060018.0,67880083.0,Thailand,513120.0,510890.0,TH,THA,0.003,0.0015,0.009,140.5416,364.0026,20
20,826,56326328.0,58850043.0,62760039.0,67508936.0,67736802.0,68427717.3804,69175770.0,71684966.0,United Kingdom,242900.0,241930.0,GB,GBR,0.0072,0.0034,0.0085,279.9851,725.1615,21
21,834,19297659.0,34463704.0,45110527.0,65497748.0,67438106.0,73426609.8128,81885304.0,129931520.0,Tanzania,945087.0,885800.0,TZ,TZA,0.0622,0.0296,0.0084,76.1324,197.183,22
22,250,53713830.0,58665453.0,62444567.0,64626628.0,64756584.0,65145123.504,65543452.00000001,65827072.0,France,551695.0,547557.0,FR,FRA,0.004,0.002,0.0081,118.2646,306.3052,23
23,710,29463549.0,46813266.0,51784921.0,59893885.0,60414495.0,61991313.3195,64659278.0,73529753.0,South Africa,1221037.0,1213090.0,ZA,ZAF,0.0173,0.0087,0.0075,49.8022,128.9876,24
24,380,56329482.0,56966397.0,59822450.0,59037474.0,58870762.0,58376247.5992,57544258.0,52250484.0,Italy,301336.0,295717.0,IT,ITA,-0.0054,-0.0028,0.0074,199.078,515.6121,25
25,404,16187124.0,30851606.0,41517895.0,54027487.0,55100586.0,58390090.9842,63103942.0,85211739.0,Kenya,580367.0,569140.0,KE,KEN,0.0346,0.0199,0.0069,96.8138,250.7477,26
26,104,33465781.000000004,45538332.0,49390988.0,54179306.0,54577997.0,55789628.5334,56987625.0,59929399.0,Myanmar,676578.0,652670.0,MM,MMR,0.0125,0.0074,0.0068,83.6227,216.5827,27
27,170,26176195.0,39215135.0,44816108.0,51874024.0,52085168.0,52725815.5664,54129764.0,56987651.0,Colombia,1141748.0,1109500.0,CO,COL,0.008,0.0041,0.0065,46.9447,121.5868,28
28,410,38170501.0,46788591.0,48813042.0,51815810.0,51784059.0,51690847.6938,51290214.0,45770874.0,South Korea,100210.0,97600.0,KR,KOR,-0.0012,-0.0006,0.0065,530.5744,1374.1876,29
29,800,13284026.0,24020697.0,32341728.0,47249585.0,48582334.0,52692399.4564,58380262.0,87622081.0,Uganda,241550.0,200520.0,UG,UGA,0.0423,0.0282,0.0061,242.2817,627.5097,30
30,729,16673586.0,26298773.0,33739933.0,46874204.0,48109006.0,51904806.5734,56997099.0,84494269.0,Sudan,1886068.0,1868000.0,SD,SDN,0.0394,0.0263,0.006,25.7543,66.7036,31
31,724,37491666.0,40741651.0,46572772.0,47558630.0,47519628.0,47405580.8928,47076573.0,44219565.0,Spain,505992.0,499556.6,ES,ESP,-0.0014,-0.0008,0.0059,95.1236,246.3702,32
32,32,28024803.0,37070774.0,41100123.0,45510318.0,45773884.0,46570349.5816,47678560.0,51621175.0,Argentina,2780400.0,2736690.0,AR,ARG,0.0091,0.0058,0.0057,16.726,43.3203,33
33,12,18739378.0,30774621.0,35856344.0,44903225.0,45606480.0,47754545.208,49787283.0,60001113.0,Algeria,2381741.0,2381741.0,DZ,DZA,0.0218,0.0157,0.0057,19.1484,49.5943,34
34,368,13653369.0,24628858.0,31264875.0,44496122.0,45504560.0,48603420.536,52800825.0,74515140.0,Iraq,438317.0,434128.0,IQ,IRQ,0.0322,0.0227,0.0057,104.8183,271.4794,35
35,4,12486631.0,19542982.0,28189672.0,41128771.0,42239854.0,45661282.174,50330837.0,74075234.0,Afghanistan,652230.0,652230.0,AF,AFG,0.0357,0.027,0.0053,64.7622,167.7341,36
36,616,35521429.0,38504431.0,38597353.0,39857145.0,41026067.0,44632258.2893,38700518.0,34932339.0,Poland,312679.0,306130.0,PL,POL,-0.0286,0.0293,0.0051,134.0152,347.0993,37
37,124,24511510.0,30683313.0,33963412.0,38454327.0,38781291.0,39770213.9205,41008596.0,45890819.0,Canada,9984670.0,8965590.0,CA,CAN,0.0104,0.0085,0.0048,4.3256,11.2032,38
38,504,19678444.0,28554415.0,32464865.0,37457971.0,37840044.0,38997949.3464,40226395.0,45044990.0,Morocco,446550.0,446300.0,MA,MAR,0.012,0.0102,0.0047,84.7861,219.596,39
39,682,10171710.0,21547390.0,29411929.0,36408820.0,36947025.0,38587472.91,40461368.0,48374543.0,Saudi Arabia,2149690.0,2149690.0,SA,SAU,0.0169,0.0148,0.0046,17.1871,44.5147,40
40,804,49973920.0,48879755.0,45683020.0,39701739.0,36744634.0,28532208.301,38295429.0,32867719.0,Ukraine,603500.0,579400.0,UA,UKR,0.0428,-0.0745,0.0046,63.4184,164.2537,41
41,24,8330047.000000001,16394062.000000002,23364185.0,35588987.0,36684202.0,40073822.2648,44911664.0,72328068.0,Angola,1246700.0,1246700.0,AO,AGO,0.0352,0.0308,0.0046,29.425,76.2109,42
42,860,15947129.0,24925554.0,28614227.0,34627652.0,35163944.0,36799067.396,38313228.0,45593149.0,Uzbekistan,447400.0,440650.0,UZ,UZB,0.0166,0.0155,0.0044,79.8002,206.6824,43
43,887,9204938.0,18628700.0,24743946.0,33696614.0,34449825.0,36764853.24,39923245.0,55296331.0,Yemen,527968.0,527970.0,YE,YEM,0.024,0.0224,0.0043,65.2496,168.9964,44
44,604,17492406.0,26654439.0,29229572.0,34049588.0,34352719.0,35269936.5973,36702393.0,42022554.0,Peru,1285216.0,1280000.0,PE,PER,0.0105,0.0089,0.0043,26.8381,69.5106,45
45,458,13215707.0,22945150.0,28717731.0,33938221.0,34308525.0,35430413.7675,36687569.0,41032433.0,Malaysia,330803.0,328550.0,MY,MYS,0.0116,0.0109,0.0043,104.4241,270.4583,46
46,288,11865246.0,19665502.0,25574719.0,33475870.000000004,34121985.0,36097647.9315,38775850.0,52231785.0,Ghana,238533.0,227533.0,GH,GHA,0.0206,0.0193,0.0043,149.965,388.4093,47
47,508,11413587.0,17768505.0,23073723.0,32969518.0,33897354.0,36754900.9422,40920707.0,63044497.0,Mozambique,801590.0,786380.0,MZ,MOZ,0.0302,0.0281,0.0042,43.1056,111.6434,48
48,524,15600442.0,24559500.0,27161567.0,30547580.0,30896590.0,31953253.378,33133395.0,37401365.0,Nepal,147181.0,143350.0,NP,NPL,0.011,0.0114,0.0039,215.5325,558.2293,49
49,450,8948162.0,16216431.0,21731053.0,29611714.0,30325732.0,32518282.4236,35604443.0,51592965.0,Madagascar,587041.0,581800.0,MG,MDG,0.023,0.0241,0.0038,52.124,135.0011,50
50,384,8303809.999999999,16799670.0,21120042.0,28160542.0,28873034.0,31064497.2806,34211272.0,51358243.0,Ivory Coast,322463.0,318000.0,CI,CIV,0.023,0.0253,0.0036,90.7957,235.1609,51
51,862,15210443.0,24427729.0,28715022.0,28301696.0,28838499.0,30482293.443,32027461.0,35937404.0,Venezuela,916445.0,882050.0,VE,VEN,0.0179,0.019,0.0036,32.6949,84.6797,52
52,120,8519891.0,15091594.0,19878036.0,27914536.0,28647293.0,30907564.4177,34051103.0,51279560.0,Cameroon,475442.0,472710.0,CM,CMR,0.0235,0.0263,0.0036,60.6023,156.9598,53
53,562,6173177.0,11622665.0,16647543.000000002,26207977.0,27202843.0,30303967.101999998,35217942.0,67043296.0,Niger,1267000.0,1266700.0,NE,NER,0.0321,0.038,0.0034,21.4754,55.6212,54
54,36,14706322.0,19017963.0,22019168.0,26177413.0,26439111.0,27232284.33,28202414.0,32192919.0,Australia,7692024.0,7692020.0,AU,AUS,0.0083,0.01,0.0033,3.4372,8.9024,55
55,408,17973650.0,23367059.0,24686435.0,26069416.0,26160821.0,26435509.6205,26569401.0,25807197.0,North Korea,120538.0,120410.0,KP,PRK,0.0028,0.0035,0.0033,217.2645,562.7151,56
56,158,18100281.0,22194731.0,23083083.0,23893394.0,23923276.0,24016576.7764,24027999.0,22445526.0,Taiwan,36193.0,36197.0,TW,TWN,0.0009,0.0013,0.003,660.9188,1711.7796,57
57,466,7372581.0,11239101.0,15529181.0,22593590.0,23293698.0,25460011.914,28712294.0,47439802.0,Mali,1240192.0,1220190.0,ML,MLI,0.0225,0.031,0.0029,19.0902,49.4437,58
58,854,6932967.0,11882888.0,16116845.0,22673762.0,23251485.0,25030223.6025,27523563.0,40541548.0,Burkina Faso,272967.0,273600.0,BF,BFA,0.0185,0.0255,0.0029,84.9835,220.1073,59
59,760,8898954.0,16307654.0,22337563.0,22125249.0,23227014.0,26697129.891599998,29824735.0,38306374.0,Syria,185180.0,183630.0,SY,SYR,0.0359,0.0498,0.0029,126.4881,327.6042,60
60,144,14943645.0,18776371.0,20668557.0,21832143.0,21893579.0,22077485.0636,22186970.0,21814985.0,Sri Lanka,65610.0,61860.0,LK,LKA,0.0018,0.0028,0.0027,353.9214,916.6565,61
61,454,6267369.0,11229387.0,14718422.0,20405317.0,20931751.0,22551868.527400002,24944243.0,37159300.0,Malawi,118484.0,94280.0,MW,MWI,0.0169,0.0258,0.0026,222.0169,575.0237,62
62,894,5720438.0,9891136.0,13792086.0,20017675.0,20569737.0,22272911.2236,24676417.0,37460435.0,Zambia,752612.0,743390.0,ZM,ZMB,0.0178,0.0276,0.0026,27.6702,71.6658,63
63,642,22125224.0,21919876.0,20335211.0,19659267.0,19892812.0,20602985.3884,19023383.0,17457213.0,Romania,238391.0,230080.0,RO,ROU,-0.0103,0.0119,0.0025,86.4604,223.9325,64
64,152,11469828.0,15351799.0,17004162.0,19603733.0,19629590.0,19706145.401,19933769.0,20675378.0,Chile,756102.0,743532.0,CL,CHL,0.0009,0.0013,0.0025,26.4005,68.3772,65
65,398,14172710.0,15236253.0,16627837.0,19397998.0,19606633.0,20241887.9092,21128221.0,25609978.0,Kazakhstan,2724900.0,2699700.0,KZ,KAZ,0.0067,0.0108,0.0024,7.2625,18.8099,66
66,148,4408230.0,8259137.000000001,11894727.0,17723315.0,18278568.0,19994925.5352,22460393.0,36452035.0,Chad,1284000.0,1259200.0,TD,TCD,0.0178,0.0313,0.0023,14.516,37.5965,67
67,218,8135845.0,12626507.0,14989585.0,18001000.0,18190484.0,18763484.246,19486952.0,22269779.0,Ecuador,276841.0,248360.0,EC,ECU,0.006,0.0105,0.0023,73.2424,189.6978,68
68,706,5892224.0,8721465.0,12026649.0,17597511.0,18143378.0,19830712.154,22316857.0,36462830.0,Somalia,637657.0,627340.0,SO,SOM,0.0176,0.031,0.0023,28.9211,74.9057,69
69,320,6987767.0,11735894.0,14543121.0,17843908.0,18092026.0,18846463.4842,20003638.0,24600727.0,Guatemala,108889.0,107160.0,GT,GTM,0.008,0.0139,0.0023,168.8319,437.2746,70
70,686,5703869.0,9704287.0,12530121.0,17316449.0,17763163.0,19138031.8162,21125872.0,32562869.0,Senegal,196722.0,192530.0,SN,SEN,0.0144,0.0258,0.0022,92.2618,238.958,71
71,528,14130387.0,15899135.0,16617116.999999998,17564014.0,17618299.0,17782149.1807,17943803.0,17897025.0,Netherlands,41850.0,33670.0,NL,NLD,0.0017,0.0031,0.0022,523.264,1355.2538,72
72,116,6198959.0,12118841.0,14363532.0,16767842.0,16944826.0,17483671.4668,18084248.0,20258435.0,Cambodia,181035.0,176520.0,KH,KHM,0.0057,0.0106,0.0021,95.9938,248.6239,73
73,716,7049926.0,11834676.0,12839771.0,16320537.0,16665409.0,17720329.3897,19179393.0,26438589.0,Zimbabwe,390757.0,386850.0,ZW,ZWE,0.0112,0.0211,0.0021,43.0798,111.5766,74
74,324,4972609.0,8336967.000000001,10270728.0,13859341.0,14190612.0,15208078.8804,16622387.999999998,23711700.0,Guinea,245857.0,245720.0,GN,GIN,0.0106,0.0239,0.0018,57.7511,149.5755,75
75,646,5247532.0,8109989.0,10309031.0,13776698.0,14094683.0,15071444.5319,16375704.0,23030046.0,Rwanda,26338.0,24670.0,RW,RWA,0.0101,0.0231,0.0018,571.3289,1479.7417,76
76,204,3833939.0,6998023.0,9445710.0,13352864.0,13712828.0,14823567.068,16393827.000000002,25264035.0,Benin,112622.0,112760.0,BJ,BEN,0.0115,0.027,0.0017,121.6107,314.9718,77
77,108,4312834.0,6307659.0,9126605.0,12889576.0,13238559.0,14314853.8467,15800530.0,24208671.0,Burundi,27834.0,25680.0,BI,BDI,0.0111,0.0271,0.0017,515.5202,1335.1973,78
78,788,6578156.0,9893316.0,10895063.0,12356117.0,12458223.0,12768432.7527,13100768.0,14315779.0,Tunisia,163610.0,155360.0,TN,TUN,0.0035,0.0083,0.0016,80.1894,207.6905,79
79,68,5736088.0,8592656.0,10223270.0,12224110.0,12388571.0,12890308.1255,13625507.0,16609854.0,Bolivia,1098581.0,1083300.0,BO,BOL,0.0057,0.0135,0.0015,11.436,29.6191,80
80,332,5646676.0,8360225.0,9842880.0,11584996.0,11724763.0,12150371.8969,12700006.0,15087520.0,Haiti,27750.0,27560.0,HT,HTI,0.0045,0.0121,0.0015,425.4268,1101.8554,81
81,56,9828986.0,10264343.0,10877947.0,11655930.0,11686140.0,11777291.892,11873460.0,12090657.0,Belgium,30528.0,30280.0,BE,BEL,0.0009,0.0026,0.0015,385.9359,999.5741,82
82,400,2216903.0,5056174.0,6931258.0,11285869.0,11337052.0,11490102.202,11933395.0,15005941.0,Jordan,89342.0,88794.0,JO,JOR,0.0014,0.0045,0.0014,127.6781,330.6864,83
83,214,5755800.0,8540791.0,9775755.0,11228821.0,11332972.0,11649161.9188,11982523.0,13180541.0,Dominican Republic,48671.0,48310.0,DO,DOM,0.0032,0.0093,0.0014,234.5885,607.5843,84
84,192,9809107.0,11105791.0,11290417.0,11212191.0,11194449.0,11140715.6448,11016041.0,10028085.0,Cuba,109884.0,103800.0,CU,CUB,-0.0006,-0.0016,0.0014,107.8463,279.322,85
85,728,4192012.0,6114440.0,9714419.0,10913164.0,11088796.0,11624384.8468,12570402.0,17460846.0,South Sudan,619745.0,631930.0,SS,SSD,0.0058,0.0161,0.0014,17.5475,45.448,86
86,752,8311763.000000001,8871043.0,9381729.0,10549347.0,10612086.0,10799919.9222,11007228.0,11902033.0,Sweden,450295.0,407283.5,SE,SWE,0.002,0.0059,0.0013,26.0558,67.4844,87
87,340,3777990.0,6656725.0,8450933.0,10432860.0,10593798.0,11083231.4676,11724522.0,14258514.0,Honduras,112492.0,111890.0,HN,HND,0.0053,0.0154,0.0013,94.6805,245.2224,88
88,203,10270060.0,10234710.0,10464749.0,10493986.0,10495295.0,10498443.5885,10515199.0,10577126.0,Czech Republic,78865.0,77198.5,CZ,CZE,0.0003,0.0001,0.0013,135.9521,352.1158,89
89,31,6383060.0,8190337.0,9237202.0,10358074.0,10412651.0,10578212.1509,10711138.0,10867296.0,Azerbaijan,86600.0,82646.0,AZ,AZE,0.0017,0.0053,0.0013,125.991,326.3167,90
90,300,9307148.0,11038109.0,11033783.0,10384971.0,10341277.0,10210976.9098,10059703.0,9144951.0,Greece,131990.0,128900.0,GR,GRC,-0.0012,-0.0042,0.0013,80.2271,207.7883,91
91,598,3104788.0,5508297.0,7583269.0,10142619.0,10329931.0,10903242.1705,11615322.0,14910369.0,Papua New Guinea,462840.0,452860.0,PG,PNG,0.0059,0.0185,0.0013,22.8104,59.079,92
92,620,9785252.0,10300626.0,10588401.0,10270865.0,10247605.0,10176896.5255,10062183.0,9261305.0,Portugal,92090.0,91605.6,PT,PRT,-0.0008,-0.0023,0.0013,111.8666,289.7344,93
93,348,10698679.0,10202055.0,9986825.0,9967308.0,10156239.0,10735144.623,9642912.0,8817396.0,Hungary,93028.0,91260.0,HU,HUN,-0.0057,0.019,0.0013,111.2891,288.2386,94
94,762,4045965.0,6272998.0,7621779.0,9952787.0,10143543.0,10727811.0768,11421430.0,15200989.0,Tajikistan,143100.0,138790.0,TJ,TJK,0.006,0.0192,0.0013,73.0855,189.2916,95
95,784,1014048.0,3275333.0,8481771.0,9441129.0,9516871.0,9745275.904,10004319.0,11449471.0,United Arab Emirates,83600.0,71020.0,AE,ARE,0.0024,0.008,0.0012,134.0027,347.067,96
96,112,9817257.0,10256483.0,9731427.0,9534954.0,9498238.0,9387108.6154,9206170.0,8409632.0,Belarus,207600.0,202980.0,BY,BLR,-0.0014,-0.0039,0.0012,46.794,121.1964,97
97,376,3744608.0,6116958.0,7328445.0,9038309.0,9174520.0,9590125.756000001,10134951.0,12991790.0,Israel,20770.0,21640.0,IL,ISR,0.0043,0.0151,0.0011,423.9612,1098.0595,98
98,768,2838110.0,5008035.0,6571855.0,8848699.0,9053799.0,9683943.4104,10558178.0,15478883.0,Togo,56785.0,54390.0,TG,TGO,0.0065,0.0232,0.0011,166.4607,431.1333,99
99,40,7547561.0,8010428.0,8362829.0,8939617.0,8958960.0,9018089.136,9054576.0,8924190.0,Austria,83871.0,82520.0,AT,AUT,0.0006,0.0022,0.0011,108.5671,281.1889,100
100,756,6319113.0,7182059.0,7822435.0,8740472.0,8796669.0,8965565.0448,9143698.0,9753753.0,Switzerland,41284.0,39516.0,CH,CHE,0.0018,0.0064,0.0011,222.6103,576.5607,101
101,694,3367477.0,4584067.0,6436698.0,8605718.0,8791092.0,9358117.434,10105188.0,13595023.0,Sierra Leone,71740.0,72180.0,SL,SLE,0.0059,0.0215,0.0011,121.794,315.4465,102
102,418,3297519.0,5430853.0,6323418.0,7529475.0,7633779.0,7952107.5843,8321287.0,9775552.0,Laos,236800.0,230800.0,LA,LAO,0.0033,0.0139,0.001,33.0753,85.665,103
103,344,4978544.0,6731195.0,7132438.0,7488865.0,7491609.0,7500598.9308,7485887.0,6975391.0,Hong Kong,1104.0,1050.0,HK,HKG,0.0002,0.0004,0.0009,7134.8657,18479.3022,104
104,688,7777010.0,7935022.0,7653748.0,7221365.0,7149077.0,6934604.69,6832604.0,5777806.0,Serbia,88361.0,87460.0,RS,SRB,-0.002,-0.01,0.0009,81.7411,211.7095,105
105,558,3303309.0,5123222.0,5855734.0,6948392.0,7046310.0,7344368.913,7688686.0,9094641.0,Nicaragua,130373.0,120340.0,NI,NIC,0.0031,0.0141,0.0009,58.5533,151.6532,106
106,434,2962720.0,5154790.0,6491988.0,6812341.0,6888388.0,7119837.8368,7394813.0,8539976.0,Libya,1759540.0,1759540.0,LY,LBY,0.0024,0.0112,0.0009,3.9149,10.1395,107
107,600,3078912.0,5123819.0,5768613.0,6780744.0,6861524.0,7106480.4068,7425448.0,8591486.0,Paraguay,406752.0,397300.0,PY,PRY,0.0027,0.0119,0.0009,17.2704,44.7303,108
108,417,3691209.0,4935182.0,5483774.0,6630623.0,6735347.0,7054602.4478,7435378.0,9426858.0,Kyrgyzstan,199951.0,191800.0,KG,KGZ,0.0033,0.0158,0.0008,35.1165,90.9518,109
109,100,8980606.0,8097691.0,7592273.0,6781953.0,6687717.0,6408839.2011,6290166.0,5187392.0,Bulgaria,110879.0,108560.0,BG,BGR,-0.0027,-0.0139,0.0008,61.6039,159.554,110
110,795,2862903.0,4569132.0,5267970.0,6430770.0,6516100.0,6776092.39,7034758.0,8263833.000000001,Turkmenistan,488100.0,469930.0,TM,TKM,0.0026,0.0133,0.0008,13.8661,35.9132,111
111,222,4508992.0,5958482.0,6114034.0,6336392.0,6364943.0,6450869.7305,6554224.0,6636854.0,El Salvador,21041.0,20720.0,SV,SLV,0.001,0.0045,0.0008,307.1884,795.6179,112
112,178,1829256.0,3134030.0,4437884.0,5970424.0,6106869.0,6526410.9003,7114987.0,10378912.0,Republic of the Congo,342000.0,341500.0,CG,COG,0.0043,0.0229,0.0008,17.8825,46.3156,113
113,702,2400729.0,4053602.0,5163590.0,5975689.0,6014723.0,6132010.0985,6251988.0,6337235.0,Singapore,710.0,718.0,SG,SGP,0.0012,0.0065,0.0008,8377.0515,21696.5635,114
114,208,5125392.0,5340655.0,5550849.0,5882261.0,5910913.0,5997803.4211,6104474.0,6445109.0,Denmark,43094.0,40000.0,DK,DNK,0.0009,0.0049,0.0007,147.7728,382.7316,115
115,703,4973883.0,5376690.0,5396424.0,5643453.0,5795199.0,6262871.5593,5555114.0,5186967.0,Slovakia,49037.0,49035.0,SK,SVK,-0.0033,0.0269,0.0007,118.1849,306.099,116
116,140,2415276.0,3759170.0,4660067.0,5579144.0,5742315.0,6245341.794,7104274.0,11533423.0,Central African Republic,622984.0,622980.0,CF,CAF,0.0053,0.0292,0.0007,9.2175,23.8733,117
117,246,4779418.0,5176209.0,5363271.0,5540745.0,5545475.0,5560447.7825,5565475.0,5460917.0,Finland,338424.0,303940.0,FI,FIN,0.0001,0.0009,0.0007,18.2453,47.2553,118
118,578,4085776.0,4491202.0,4889741.0,5434319.0,5474360.0,5595890.792,5748397.0,6367559.0,Norway,323802.0,364285.0,NO,NOR,0.0013,0.0074,0.0007,15.0277,38.9217,119
119,430,1932169.0,2895224.0,4019956.0,5302681.0,5418377.0,5772738.8558,6282074.0,8890700.0,Liberia,111369.0,96320.0,LR,LBR,0.0037,0.0218,0.0007,56.2539,145.6976,120
120,275,1453620.0,3139954.0,3992278.0,5250072.0,5371230.0,5743456.239,6256949.0,8861747.0,Palestine,6220.0,6020.0,PS,PSE,0.0039,0.0231,0.0007,892.2309,2310.878,121
121,422,2963702.0,4320642.0,4995800.0,5489739.0,5353930.0,4957203.7870000005,4714240.0,4937579.0,Lebanon,10452.0,10230.0,LB,LBN,-0.0045,-0.0247,0.0007,523.3558,1355.4916,122
122,554,3147168.0,3855266.0,4346338.0,5185288.0,5228100.0,5358279.69,5495670.0,5949002.0,New Zealand,270467.0,263310.0,NZ,NZL,0.0013,0.0083,0.0007,19.8553,51.4252,123
123,188,2414303.0,3979193.0,4622252.0,5180829.0,5212173.0,5305992.114,5432243.0,5702525.0,Costa Rica,51100.0,51060.0,CR,CRI,0.0011,0.006,0.0007,102.0794,264.3856,124
124,372,3391387.0,3768950.0,4524585.0,5023109.0,5056935.0,5158579.3935,5266881.0,5724686.0,Ireland,70273.0,68890.0,IE,IRL,0.0011,0.0067,0.0006,73.4059,190.1214,125
125,478,1506694.0,2695003.0,3419461.0,4736139.0,4862989.0,5253973.3156,5830563.0,8914673.0,Mauritania,1030700.0,1030700.0,MR,MRT,0.0041,0.0268,0.0006,4.7181,12.22,126
126,512,1017462.0,2344253.0,2881914.0,4576298.0,4644384.0,4851987.9648,5093376.0,6328978.0,Oman,309500.0,309500.0,OM,OMN,0.0022,0.0149,0.0006,15.0061,38.8658,127
127,591,1956987.0,3001731.0,3623617.0,4408581.0,4468087.0,4649044.5235,4864126.0,5736121.0,Panama,75417.0,74180.0,PA,PAN,0.0019,0.0135,0.0006,60.233,156.0036,128
128,414,1493870.0,1934901.0,2943356.0,4268873.0,4310108.0,4435532.1428,4564570.0,5155414.0,Kuwait,17818.0,17820.0,KW,KWT,0.0013,0.0097,0.0005,241.8691,626.4411,129
129,191,4680144.0,4548434.0,4368682.0,4030358.0,4008617.0,3943677.4046,3850140.0,3333425.0,Croatia,56594.0,55960.0,HR,HRV,-0.0007,-0.0054,0.0005,71.6336,185.5311,130
130,232,1657982.0,2392880.0,3147727.0,3684032.0,3748901.0,3946842.9728,4283355.0,5964021.0,Eritrea,117600.0,121040.8,ER,ERI,0.0021,0.0176,0.0005,30.9722,80.218,131
131,268,5145843.0,4265172.0,3836831.0,3744385.0,3728282.0,3680187.1622,3657494.0,3384660.0,Georgia,69700.0,69490.0,GE,GEO,-0.0005,-0.0043,0.0005,53.6521,138.9588,132
132,496,1697780.0,2450979.0,2702520.0,3398366.0,3447157.0,3596074.1824,3736327.0,4518856.0,Mongolia,1564110.0,1557506.8,MN,MNG,0.0015,0.0144,0.0004,2.2133,5.7323,133
133,498,4103240.0,4251573.0,3678186.0,3272996.0,3435931.0,3949259.0914,3174727.0,2997532.0,Moldova,33846.0,32884.6,MD,MDA,-0.0039,0.0498,0.0004,104.4845,270.6149,134
134,858,2953750.0,3292224.0,3352651.0,3422794.0,3423108.0,3424134.9324,3423372.0,3337143.0,Uruguay,181034.0,175020.0,UY,URY,0.0,0.0001,0.0004,19.5584,50.6562,135
135,630,3214568.0,3827108.0,3717922.0,3252407.0,3260314.0,3283788.2608,3259722.0,2727624.0,Puerto Rico,8870.0,8870.0,PR,PRI,0.0003,0.0024,0.0004,367.5664,951.997,136
136,70,4199820.0,4179350.000000001,3811088.0,3233526.0,3210847.0,3143419.213,3111789.0,2739014.0,Bosnia and Herzegovina,51209.0,51200.0,BA,BIH,-0.0006,-0.007,0.0004,62.7119,162.4237,137
137,8,2941651.0,3182021.0,2913399.0,2842321.0,2832439.0,2802698.3905,2789599.0,2456472.0,Albania,28748.0,27400.0,AL,ALB,-0.0003,-0.0035,0.0004,103.3737,267.7378,138
138,388,2135546.0,2612205.0,2733896.0,2827377.0,2825544.0,2820458.0208,2804356.0,2493823.0,Jamaica,10991.0,10830.0,JM,JAM,0.0,-0.0006,0.0004,260.8997,675.7303,139
139,51,3135123.0,3168523.0,2946293.0,2780469.0,2777970.0,2770469.481,2759528.0,2573465.0,Armenia,29743.0,28470.0,AM,ARM,0.0,-0.0009,0.0003,97.5753,252.7201,140
140,270,718586.0,1437539.0,1937275.0,2705992.0,2773168.0,2979491.6992,3263651.0,4673743.0,Gambia,10689.0,10120.0,GM,GMB,0.0022,0.0248,0.0003,274.0285,709.7337,141
141,440,3521206.0,3599637.0,3139019.0,2750055.0,2718352.0,2624568.856,2558928.0,2187550.0,Lithuania,65300.0,62620.0,LT,LTU,-0.0008,-0.0115,0.0003,43.4103,112.4326,142
142,634,277450.0,645937.0,1713504.0,2695122.0,2716391.0,2780769.4667,2855291.0,3358454.0,Qatar,11586.0,11490.0,QA,QAT,0.0007,0.0079,0.0003,236.4135,612.3109,143
143,72,938578.0,1726985.0,2091664.0,2630296.0,2675352.0,2812597.5576,2972271.0,3679340.0,Botswana,582000.0,566730.0,BW,BWA,0.0014,0.0171,0.0003,4.7207,12.2266,144
144,516,975994.0,1819141.0,2099271.0,2567012.0,2604172.0,2717453.482,2910056.0,3779918.0,Namibia,825615.0,823290.0,,NAM,0.0012,0.0145,0.0003,3.1631,8.1925,145
145,266,749078.0,1272935.0,1711105.0,2388992.0,2436566.0,2582028.9902,2774523.0,3757053.0,Gabon,267668.0,257670.0,GA,GAB,0.0015,0.0199,0.0003,9.4561,24.4914,146
146,426,1407672.0,1998630.0,2022747.0,2305825.0,2330318.0,2404422.1124,2501946.0,2898369.0,Lesotho,30355.0,30360.0,LS,LSO,0.0008,0.0106,0.0003,76.7562,198.7985,147
147,624,831462.0,1230849.0,1567220.0,2105566.0,2150842.0,2289571.309,2484863.0,3445289.0,Guinea-Bissau,36125.0,28120.0,GW,GNB,0.0014,0.0215,0.0003,76.488,198.1039,148
148,705,1901570.0,1984339.0,2057287.0,2119844.0,2119675.0,2119039.0975,2105945.0,2003258.0,Slovenia,20273.0,20136.4,SI,SVN,0.0,-0.0001,0.0003,105.2658,272.6385,149
149,807,1907023.0,2037936.0,2093828.0,2093599.0,2085679.0,2061902.2594,2072256.0,1909309.0,North Macedonia,25713.0,25220.0,MK,MKD,-0.0002,-0.0038,0.0003,82.6994,214.1915,150
150,428,2572037.0,2392530.0,2101530.0,1850651.0,1830211.0,1769814.037,1701338.0,1433728.0,Latvia,64559.0,62230.0,LV,LVA,-0.0006,-0.011,0.0002,29.4104,76.173,151
151,226,282509.0,684977.0,1094524.0,1674908.0,1714671.0,1836584.1081,1999678.0,2790533.0,Equatorial Guinea,28051.0,28050.0,GQ,GNQ,0.0013,0.0237,0.0002,61.1291,158.3243,152
152,780,1127852.0,1332203.0,1410296.0,1531044.0,1534937.0,1546449.0275,1547690.0,1485139.0,Trinidad and Tobago,5130.0,5130.0,TT,TTO,0.0001,0.0025,0.0002,299.208,774.9487,153
153,48,362595.0,711442.0,1213645.0,1472233.0,1485509.0,1525617.743,1574679.0,1809237.0,Bahrain,765.0,785.0,BH,BHR,0.0004,0.009,0.0002,1892.3682,4901.2335,154
154,626,642224.0,878360.0,1088486.0,1341296.0,1360596.0,1419373.7472,1495081.0,1806869.0,Timor-Leste,14874.0,14870.0,TL,TLS,0.0006,0.0144,0.0002,91.4994,236.9834,155
155,233,1476983.0,1396877.0,1331535.0,1326062.0,1322765.0,1312844.2625,1289441.0,1171695.0,Estonia,45227.0,42750.0,EE,EST,-0.0001,-0.0025,0.0002,30.9419,80.1394,156
156,480,954865.0,1215930.0,1283330.0,1299469.0,1300557.0,1303678.3368,1305425.0,1226235.0,Mauritius,2040.0,2030.0,MU,MUS,0.0,0.0008,0.0002,640.6685,1659.3313,157
157,196,679327.0,948237.0,1129686.0,1251488.0,1260138.0,1286222.8566,1311784.0,1391785.0,Cyprus,9251.0,9240.0,CY,CYP,0.0003,0.0069,0.0002,136.3786,353.2205,158
158,748,598564.0,1030496.0,1099920.0,1201670.0,1210822.0,1238428.7416,1305985.0,1655121.0,Eswatini,17364.0,17200.0,SZ,SWZ,0.0003,0.0076,0.0002,70.3966,182.3273,159
159,262,324121.0,742033.0,919199.0,1120849.0,1136455.0,1183845.1735,1247129.0,1502575.0,Djibouti,23200.0,23180.0,DJ,DJI,0.0005,0.0139,0.0001,49.0274,126.981,160
160,638,551674.0,785424.0,890130.0,974052.0,981796.0,1005359.104,1031822.0,1127252.0,Reunion,2511.0,2512.0,RE,REU,0.0002,0.008,0.0001,390.8424,1012.2817,161
161,242,644582.0,832509.0,905169.0,929766.0,936375.0,956319.7875,986172.0,1094174.0,Fiji,18272.0,18270.0,FJ,FJI,0.0002,0.0071,0.0001,51.2521,132.7428,162
162,174,328328.0,536758.0,656024.0,836774.0,852075.0,898853.9175,959412.0,1246207.0,Comoros,1862.0,1861.0,KM,COM,0.0005,0.0183,0.0001,457.8587,1185.854,163
163,328,778176.0,759051.0,747932.0,808726.0,813834.0,829215.4626,848033.0,878746.0,Guyana,214969.0,196850.0,GY,GUY,0.0002,0.0063,0.0001,4.1343,10.7078,164
164,64,415257.0,587207.0,705516.0,782455.0,787424.0,802542.5408,821498.0,874294.0,Bhutan,38394.0,38140.0,BT,BTN,0.0002,0.0064,0.0001,20.6456,53.4722,165
165,90,233668.0,429978.0,540394.0,724273.0,740424.0,789958.3656,856264.0,1225407.0,Solomon Islands,28896.0,27990.0,SB,SLB,0.0005,0.0223,0.0001,26.4532,68.5137,166
166,446,245332.0,431896.0,557297.0,695168.0,704149.0,731399.5663,763371.0,881666.0,Macau,32.9,32.9,MO,MAC,0.0003,0.0129,0.0001,21402.7052,55433.0064,167
167,442,363741.0,435628.0,507070.0,647599.0,654768.0,676571.7744,697086.0,781910.0,Luxembourg,2586.0,2574.5,LU,LUX,0.0002,0.0111,0.0001,254.3282,658.7101,168
168,499,589324.0,633324.0,631044.0,627082.0,626485.0,624605.545,621696.0,586385.0,Montenegro,13812.0,13450.0,ME,MNE,0.0,-0.001,0.0001,46.5788,120.6391,169
169,740,375112.0,478998.0,546080.0,618040.0,623236.0,638941.5472,659508.0,725519.0,Suriname,163820.0,156000.0,SR,SUR,0.0002,0.0084,0.0001,3.9951,10.3473,170
170,132,317234.0,458251.0,521212.0,593149.0,598682.0,615385.2278,638840.0,727457.0,Cape Verde,4033.0,4033.0,CV,CPV,0.0002,0.0093,0.0001,148.4458,384.4747,171
171,732,116775.0,270375.0,413296.0,575986.0,587259.0,621789.8292,662726.0,851067.0,Western Sahara,266000.0,266000.0,EH,ESH,0.0004,0.0196,0.0001,2.2077,5.718,172
172,470,333587.0,399212.0,418755.0,533286.0,535064.0,540361.1336,543425.0,522737.0,Malta,316.0,320.0,MT,MLT,0.0001,0.0033,0.0001,1672.075,4330.6743,173
173,462,164887.0,282507.0,361575.0,523787.00000000006,521021.0,512736.7661,512683.0,569909.0,Maldives,300.0,300.0,MV,MDV,-0.0001,-0.0053,0.0001,1736.7367,4498.148,174
174,96,187921.0,333926.0,396053.0,449002.0,452524.0,463113.0616,473312.0,498373.0,Brunei,5765.0,5270.0,BN,BRN,0.0001,0.0078,0.0001,85.8679,222.3979,175
175,44,223752.0,325014.0,373272.0,409984.0,412623.0,420545.3616,429846.0,450625.0,Bahamas,13943.0,10010.0,BS,BHS,0.0001,0.0064,0.0001,41.2211,106.7626,176
176,84,145133.0,240406.0,322106.0,405272.0,410825.0,427709.9075,450428.0,538838.0,Belize,22966.0,22810.0,BZ,BLZ,0.0002,0.0137,0.0001,18.0107,46.6478,177
177,312,334234.0,424067.0,403072.0,395752.0,395839.0,396076.5034,399728.0,388861.0,Guadeloupe,1628.0,1628.0,GP,GLP,0.0,0.0002,0.0,243.1443,629.7439,178
178,352,228263.0,281462.0,318333.0,372899.0,375318.0,382636.701,390338.0,408783.0,Iceland,103000.0,100830.0,IS,ISL,0.0001,0.0065,0.0,3.7223,9.6407,179
179,474,333786.0,432543.0,392181.0,367507.0,366981.0,365439.6798,362472.0,330121.0,Martinique,1128.0,1128.0,MQ,MTQ,0.0,-0.0014,0.0,325.3378,842.6248,180
180,175,52233.0,159215.0,211786.0,326101.0,335995.0,366536.9455,407579.0,664141.0,Mayotte,374.0,374.0,YT,MYT,0.0003,0.0303,0.0,898.3824,2326.8103,181
181,548,118156.0,192074.0,245453.0,326740.0,334506.0,358389.7284,391135.0,578567.0,Vanuatu,12189.0,12190.0,VU,VUT,0.0002,0.0238,0.0,27.441,71.0722,182
182,254,66825.0,164351.0,228453.0,304557.0,312155.0,335472.97849999997,366669.0,532459.0,French Guiana,83534.0,83534.0,GF,GUF,0.0002,0.0249,0.0,3.7369,9.6785,183
183,258,163591.0,250927.0,283788.0,306279.0,308872.0,316748.236,324860.0,346933.0,French Polynesia,4167.0,3471.0,PF,PYF,0.0001,0.0085,0.0,88.9865,230.4749,184
184,540,148599.0,221537.0,261426.0,289950.0,292991.0,302220.2165,312529.0,353191.0,New Caledonia,18575.0,18280.0,NC,NCL,0.0001,0.0105,0.0,16.028,41.5124,185
185,52,253575.0,264657.0,274711.0,281635.0,281995.0,283094.7805,283082.0,267788.0,Barbados,430.0,430.0,BB,BRB,0.0,0.0013,0.0,655.8023,1698.528,186
186,678,97210.0,143714.0,182138.0,227380.0,231856.0,245558.68959999998,265036.0,366663.0,Sao Tome and Principe,964.0,960.0,ST,STP,0.0001,0.0197,0.0,241.5167,625.5282,187
187,882,164905.0,184008.0,194672.0,222382.0,225681.0,235701.2364,248627.0,320016.0,Samoa,2842.0,2780.0,WS,WSM,0.0001,0.0148,0.0,81.1802,210.2568,188
188,531,156851.0,141424.0,159380.0,191163.0,192077.0,194842.9088,197829.0,204084.0,Curacao,444.0,444.0,CW,CUW,0.0,0.0048,0.0,432.6059,1120.4492,189
189,662,121633.0,159500.0,170935.0,179857.0,180251.0,181440.6566,183274.0,177856.0,Saint Lucia,616.0,610.0,LC,LCA,0.0,0.0022,0.0,295.4934,765.328,190
190,316,110286.0,160188.0,164905.0,171774.0,172952.0,176532.1064,180746.0,195673.0,Guam,549.0,540.0,GU,GUM,0.0,0.0069,0.0,320.2815,829.529,191
191,296,60813.0,88826.0,107995.0,131232.0,133515.0,140484.483,148720.0,188570.0,Kiribati,811.0,810.0,KI,KIR,0.0001,0.0174,0.0,164.8333,426.9183,192
192,308,94838.0,107432.0,114039.0,125438.0,126183.0,128416.4391,130367.0,136253.0,Grenada,344.0,340.0,GD,GRD,0.0,0.0059,0.0,371.1265,961.2176,193
193,583,76299.0,111709.0,107588.0,114164.0,115224.0,118438.7496,122704.0,135457.0,Micronesia,702.0,700.0,FM,FSM,0.0,0.0093,0.0,164.6057,426.3288,194
194,832,75124.0,86192.0,96151.0,110778.0,111802.0,114887.7352,119047.0,135441.0,Jersey,116.0,120.0,JE,JEY,0.0,0.0092,0.0,931.6833,2413.0598,195
195,776,96708.0,102603.0,107383.0,106858.0,107773.0,110553.5434,114124.0,131225.0,Tonga,747.0,720.0,TO,TON,0.0,0.0086,0.0,149.6847,387.6834,196
196,690,65290.00000000001,80060.0,92409.0,107118.0,107660.0,109307.198,111317.0,116644.0,Seychelles,452.0,460.0,SC,SYC,0.0,0.0051,0.0,234.0435,606.1726,197
197,533,62267.0,89101.0,100341.0,106445.0,106277.0,105766.8704,104924.0,94185.0,Aruba,180.0,180.0,AW,ABW,0.0,-0.0016,0.0,590.4278,1529.2079,198
198,670,107480.0,113813.0,109308.0,103948.0,103698.0,102951.3744,104322.0,101691.0,Saint Vincent and the Grenadines,389.0,390.0,VC,VCT,0.0,-0.0024,0.0,265.8923,688.6611,199
199,850,96640.0,108185.0,106142.0,99465.0,98750.0,96617.0,93419.0,77519.0,United States Virgin Islands,347.0,347.0,VI,VIR,0.0,-0.0072,0.0,284.5821,737.0677,200
200,28,64888.99999999999,75055.0,85695.0,93763.0,94298.0,95910.4958,97510.0,99030.0,Antigua and Barbuda,442.0,440.0,AG,ATG,0.0,0.0057,0.0,214.3136,555.0723,201
201,833,64022.00000000001,75562.0,83828.0,84519.0,84710.0,85294.499,85798.0,86680.0,Isle of Man,572.0,570.0,IM,IMN,0.0,0.0023,0.0,148.614,384.9104,202
202,20,35611.0,66097.0,71519.0,79824.0,80088.0,80880.8712,81528.0,80504.0,Andorra,468.0,470.0,AD,AND,0.0,0.0033,0.0,170.4,441.336,203
203,212,72978.0,68346.0,68755.0,72737.0,73040.0,73960.304,74988.0,74167.0,Dominica,751.0,750.0,DM,DMA,0.0,0.0042,0.0,97.3867,252.2315,204
204,136,17100.0,39658.0,54074.0,68706.0,69310.0,71139.784,72865.0,77633.0,Cayman Islands,264.0,240.0,KY,CYM,0.0,0.0088,0.0,288.7917,747.9704,205
205,60,53565.0,61371.0,63447.0,64184.0,64069.0,63723.0274,62806.0,56041.0,Bermuda,54.0,54.0,BM,BMU,0.0,-0.0018,0.0,1186.463,3072.9391,206
206,831,52860.0,59114.0,60782.0,63301.0,63544.0,64268.4016,65141.00000000001,66496.0,Guernsey,78.0,63.0,GG,GGY,0.0,0.0038,0.0,1008.6349,2612.3644,207
207,304,50106.0,56184.0,56351.0,56466.0,56643.0,57169.7799,57152.0,53997.0,Greenland,2166086.0,410450.0,GL,GRL,0.0,0.0031,0.0,0.138,0.3574,208
208,234,43054.0,45660.0,48410.0,53090.0,53270.0,53813.354,54583.0,59444.0,Faroe Islands,1393.0,1366.0,FO,FRO,0.0,0.0034,0.0,38.9971,101.0024,209
209,580,17613.0,80338.0,54087.0,49551.0,49796.0,50528.0012,51178.0,50050.0,Northern Mariana Islands,464.0,460.0,MP,MNP,0.0,0.0049,0.0,108.2522,280.3731,210
210,659,43097.0,45461.0,47403.0,47657.0,47755.0,48055.8565,48247.0,46882.0,Saint Kitts and Nevis,261.0,260.0,KN,KNA,0.0,0.0021,0.0,183.6731,475.7133,211
211,796,7598.0,18744.0,29726.0,45703.0,46062.0,47153.6694,48538.0,52865.0,Turks and Caicos Islands,948.0,948.0,TC,TCA,0.0,0.0079,0.0,48.5886,125.8445,212
212,534,12243.0,30489.0,33034.0,44175.0,44222.0,44367.9326,44946.0,38947.0,Sint Maarten,34.0,34.0,SX,SXM,0.0,0.0011,0.0,1300.6471,3368.6759,213
213,16,32886.0,58230.0,54849.0,44273.0,43914.0,42846.8898,41142.0,33557.0,American Samoa,199.0,200.0,AS,ASM,0.0,-0.0081,0.0,219.57,568.6863,214
214,584,31988.0,54224.0,53416.0,41569.0,41996.0,43293.6764,44733.0,51211.0,Marshall Islands,181.0,180.0,MH,MHL,0.0,0.0103,0.0,233.3111,604.2758,215
215,438,25003.0,33026.0,35926.0,39327.0,39584.0,40355.888,41030.0,42287.0,Liechtenstein,160.0,160.0,LI,LIE,0.0,0.0065,0.0,247.4,640.766,216
216,492,27076.0,32465.000000000004,33178.0,36469.0,36297.0,35785.2123,35862.0,37664.0,Monaco,2.02,2.0,MC,MCO,0.0,-0.0047,0.0,18148.5,47004.615,217
217,674,21346.0,26823.0,31608.0,33660.0,33642.0,33591.537,33458.0,32044.0,San Marino,61.0,60.0,SM,SMR,,-0.0005,0.0,560.7,1452.213,218
218,292,28734.0,27741.0,31262.0,32649.0,32688.000000000004,32805.6768,32771.0,31356.0,Gibraltar,6.8,6.8,GI,GIB,0.0,0.0012,0.0,4807.0588,12450.2824,219
219,663,7776.0,29610.0,36458.0,31791.0,32077.0,32943.079,33508.0,35453.0,Saint Martin,53.0,50.0,MF,MAF,0.0,0.009,0.0,641.54,1661.5886,220
220,92,11109.0,20104.0,27556.0,31305.0,31538.0,32238.1436,32995.0,34768.0,British Virgin Islands,151.0,150.0,VG,VGB,0.0,0.0074,0.0,210.2533,544.5561,221
221,585,12252.0,19726.0,18540.0,18055.0,18058.0,18068.8348,17919.0,16689.0,Palau,459.0,460.0,PW,PLW,,0.0002,0.0,39.2565,101.6744,222
222,184,17651.0,15897.0,17212.0,17011.0,17044.0,17141.1508,17253.0,17674.0,Cook Islands,240.0,240.0,CK,COK,0.0,0.0019,0.0,71.0167,183.9332,223
223,660,6560.0,11047.0,13172.0,15857.0,15899.0,16023.0122,16055.0,15294.0,Anguilla,91.0,91.0,AI,AIA,0.0,0.0026,0.0,174.7143,452.51,224
224,520,7635.0,10377.0,10241.0,12668.0,12780.0,13117.392,13358.0,14695.0,Nauru,21.0,20.0,NR,NRU,0.0,0.0088,0.0,639.0,1655.01,225
225,876,11315.0,14723.0,13142.0,11572.0,11502.0,11294.964,11229.0,11349.0,Wallis and Futuna,274.0,274.0,WF,WLF,0.0,-0.006,0.0,41.9781,108.7233,226
226,798,7731.0,9638.0,10550.0,11312.0,11396.0,11648.9912,11917.0,13211.0,Tuvalu,26.0,30.0,TV,TUV,0.0,0.0074,0.0,379.8667,983.8547,227
227,652,2983.0,7082.0,8988.0,10967.0,10994.0,11076.455,11113.0,10210.0,Saint Barthelemy,21.0,25.0,BL,BLM,,0.0025,0.0,439.76,1138.9784,228
228,666,6106.0,6274.0,6052.0,5862.0,5840.0,5773.424,5651.0,5165.0,Saint Pierre and Miquelon,242.0,242.0,PM,SPM,,-0.0038,,24.1322,62.5025,229
229,500,11452.0,5138.0,4938.0,4390.0,4386.0,4374.1578,4301.0,3781.0,Montserrat,102.0,102.0,MS,MSR,,-0.0009,,43.0,111.37,230
230,238,2240.0,3080.0,3187.0,3780.0,3791.0,3823.9817,3869.0,3779.0,Falkland Islands,12173.0,12173.0,FK,FLK,,0.0029,,0.3114,0.8066,231
231,570,3637.0,2074.0,1812.0,1934.0,1935.0,1937.9025,1948.0,2096.0,Niue,261.0,261.0,NU,NIU,0.0,0.0005,,7.4138,19.2017,232
232,772,1647.0,1666.0,1367.0,1871.0,1893.0,1960.0122,2046.0,2430.0,Tokelau,12.0,10.0,TK,TKL,,0.0118,,189.3,490.287,233
233,336,733.0,651.0,596.0,510.0,518.0,542.3978,561.0,731.0,Vatican City,0.44,0.44,VA,VAT,,0.0157,,1177.2727,3049.1364,234
